18871793
496210929
137598959
321723371
22490600
499399652
41889761
336547296
148528599
318094284
484141512
265074117
460556738
328272829
200879548
489826222
488010735
387625894
227308443
434384790
431762836
6097801
367547272
64211328
183684475
403067767
430324598
287929713
399272809
472255335
320207714
414449498
457198418
43934545
324128080
18260801
457051455
292139830
12022151
29446442
490123559
407800710
463317790
27370265
506016016
180786940
245915895
400201458
312247535
462320364
96995623
181284060
425038542
448394700
11763449
506758318
361245125
512501401
407298367
509580400
158775822
182128136
319071239
56133162
181760140
42597474
142420235
18834130
382865617
430590157
480862924
298520775
183809706
485772418
266944122
486907001
275168366
233509461
488288850
482708545
200228399
63904807
488043043
433479198
485146125
193260721
24910096
24474055
421145255
214493366
16797850
18222231
70529425
22318445
66774669
252877413
73603681
476940880
97048654
505778763
8450400
386363743
394421815
487817269
408819690
367618993
476394125
327338518
482854931
136682469
29424648
186829407
64389292
28511023
233871150
346499885
245430151
4365097
178850596
434310619
107576097
18302752
75819994
272504601
5874966
409687828
432013072
450415661
290843914
478317321
6290182
342319873
81368316
244140982
26241786
433672247
14600952
330790953
345245071
5008113
300443368
399453410
464350698
13454045
452355292
90871002
467828440
274482382
103870156
402020039
18694853
16151747
212010176
19317731
165767882
3629749
327142577
353042595
408639134
494897821
341929627
385327767
393185061
428181125
154380409
334975090
144011372
420806416
380423935
355287420
7431779
188352081
3231211
327353934
20557886
154492461
194961464
1909513
391762483
285838381
252420651
463101481
160535217
177438756
2248794
341071898
10276741
385900052
103171634
237872142
208072705
15788939
260435060
358769335
40650421
138196658
134127280
393637032
471294629
212862116
56830566
442678213
485408926
136768575
229484184
461666193
460981898
12625033
311581831
18091333
29251201
293447615
14359672
3833164
135416943
78696379
471878252
10887787
134073450
397364840
222462566
503612003
98247777
454134879
118920797
424306629
92070671
53206606
119662155
481643485
206362183
430310979
411052944
45228607
19341885
82166840
403292656
353585077
357827626
277955625
379948806
423799386
388066136
463146305
453109260
75992075
502932488
19449351
283290169
232091051
10211842
22390896
267610599
473112936
211855598
405430505
286853297
3500203
499077237
239925353
80478223
421081640
13880750
423168517
16261626
361654776
166521318
302727640
35400130
488415669
479842731
257749384
151071090
375665008
60076399
148337004
364831077
318157140
24856899
132229430
481295409
314528028
467527920
127658219
346923240
429009125
7178442
475971773
172640443
75868344
203462819
493414558
471261326
359858315
263725177
483192945
373483626
5013583
84832334
309043268
209094718
495192114
188297257
41447464
213796896
230412318
11583516
270274574
476514314
216521424
31542052
264274708
449161991
451066630
481313539
157199091
11412264
258605803
3859141
39191233
328278714
118702774
96010922
201466530
331752091
469041804
6595209
29180546
475398773
410829415
454808155
28468694
51175999
273818151
337756700
457187855
196960766
453704181
472437230
18561503
470776284
164626907
422004131
134312402
41886141
12396071
235274680
11413235
393691891
327836071
168141219
329073053
85942682
12126603
78141833
463708547
182270330
473956724
228729192
454484319
448946526
413090138
337817912
10039605
298520859
7647514
368079120
11886856
11683761
340254971
345585901
403022060
416114923
417251548
186130634
476692675
170442931
252231857
481939629
23194993
118268064
451958127
6475906
488235125
177504368
34766937
481656913
386883634
414801951
385191965
148504598
328388629
10543124
6373390
229404676
9941577
7971351
430293513
375022082
462047999
1696249
188973555
460571112
39086841
80716235
360604094
278036925
225042874
228999608
1647030
223142312
201671065
16761238
9347441
275248530
25641310
25132283
386951833
21569851
286204205
192864555
406561050
39485712
368771341
30777600
210157820
26206456
21717226
150356197
272687325
356532426
475226290
487547056
59538111
24019042
18727008
335093771
357027846
4137013
147764571
181788683
875012
8372417
3784882
26271919
470728847
3309709
22364294
291553398
168378479
395493483
391856217
291913804
205357102
148279746
13863358
5011886
124672426
6103462
218745248
127134111
20468122
24344986
83184025
37593493
12837262
22802822
11225471
193167733
7620972
132680041
173104083
5187877
65104149
231553296
70185229
291893516
304851148
16154800
868498
211619973
8700029
267343961
20305980
73699387
20009005
99614752
3500060
115374093
41555043
285786498
24946069
62578334
49216893
2463733
1464696
1086323
14680425
45566438
3709838
20917062
144605150
34934061
9242071
15308536
11370366
4274893
12633271
15848118
3179170
11371166
55913074
17290843
139093588
20650528
4225394
3216240
138723690
2772454
221775204
13474147
330380642
21201249
19444056
5683030
16227669
11438420
4588883
294960098
14348108
243635017
21600583
8249659
988638
21218605
25945364
8014097
5519113
17900969
7338239
8993532
11967226
31308536
121512685
3059433
2245861
92476132
223557856
21524190
26283471
60826330
48852691
4682442
48724163
36825275
2271092
4203465
7852725
11805675
1656295
39589819
169098922
16571033
44100248
20750998
20365450
18110399
178245236
12962416
49130606
62671981
14115947
9283048
1935035
80065117
76757593
38797908
11503166
92948046
35376994
76972614
10714549
47214141
74244019
34657702
3220982
163103659
33149323
8772927
4369213
84654906
99881865
21757749
76740944
11432750
10843949
4308777
43072294
60252960
96972570
19725188
37175001
22798101
52861766
5809427
123532556
1465083
13490938
7593438
49469237
13339091
3169517
10538729
11654374
1375130
16953059
3685090
1568481
25360095
6921438
11102159
67244761
5176782
83483512
31916908
5219510
7429490
21619143
13257383
7300765
14382191
9483928
41686809
29217942
18463086
10901468
15660171
28733058
5862528
8852926
3595892
3837040
3638383
56040045
12808806
155943514
5202517
35634766
246652591
28509861
19479137
7505501
268120662
5684664
22691408
203182670
5502697
5285452
10270475
18132955
39218747
17720661
26001205
191080439
14497118
436119
11341362
8287731
9606549
3425831
18270748
92688407
8723765
12774923
87076268
9056000
57292363
1709130
2266696
2444356
204859967
20816956
17867835
266955766
6499896
64686942
90930224
10761263
8793128
14248453
8053790
6075741
366981658
9104132
3031572
21791752
154678785
143248901
7173123
11414017
19183931
19452975
11698457
81316115
96811277
33603852
31955184
3375342
50595537
41785562
58781878
19050675
13375662
2418031
4690064
41220220
5355631
3221611
11864154
9828707
5027902
1998884
120600590
13271043
81157930
52116530
10281916
5101859
103885088
85351191
1210127
27023118
104851210
13927682
4127489
15286014
12882173
72616607
13788670
17008883
5023783
4633713
11447014
220727522
4435678
4694747
20061475
84323809
13961410
100808896
26065353
153496755
15899283
7127922
137316522
8046620
12980902
135605412
34089176
49729298
98738311
4849797
11927684
59107457
175904894
3683442
51226729
10635365
5678267
8342610
2936900
11814462
18443836
37657147
235272756
114548030
1311282
19229725
6499584
19866136
54394391
16586258
6787089
5079055
164984833
114497141
93928881
103439459
9949310
25358506
20041846
13478118
15784819
96643667
8867536
18616909
8128168
11337687
21909841
2418634
7445449
3783747
9295425
8730816
13457080
177076405
4677556
7953328
4318893
19939998
17696346
28685970
8328464
6230668
15640600
15062605
40598098
23792590
17706580
12370242
27113041
19424353
3656379
1492048
136269896
24020384
19809181
97112995
16306143
12876078
24106326
36698039
94349407
9632354
17953610
15350481
14309515
17613636
1632819
167652544
70046
18104414
13564255
21132244
7912658
17252912
30666055
11868081
17124986
17350496
56488954
3426950
28693289
7825753
13527292
13897293
12433537
13872678
8982925
12055682
116193437
29847249
26181207
14200102
10755222
12429755
11452475
